Simple plain text exporter for demo purposes

See http://www.grantlee.org/apidox/for_themers.html for more information

Custom values (from the <bodies> section)
    Grav: 9.81

List of all bodies:


    Name:               1
    Custom values (from the <bodies> section):
        Identifier:     0
        FixedRotation:  NO

        AnchorPointRel: { 0.505,0.500 }
        AnchorPointAbs: { 53.000,70.000 }
        Size:           { 105.000,140.000 }
    
    List of all fixtures:

        ----------------------------------------------------------
        fixtureType:             POLYGON

        Custom values (from the <fixtures> section):
            density:             2
            friction:            0
            restitution:         0
            isSensor:            NO
            filter_groupIndex:   0
            filter_categoryBits: 1
            filter_maskBits:     65535


        Hull polygon:
             (-39, 70)  , (-37, 61)  , (-43, 62)  , (-43, 47)  , (-35, 33)  , (-36, 16)  , (-16, 2)  , (-34, -14)  , (35, -70)  , (39, -62)  , (40, -47)  , (33, -34)  , (27, 0)  , (19, 7)  , (-1, 7)  , (-2, 31)  , (5, 33)  , (7, 42)  , (-3, 50)  , (-10, 45)  , (-20, 62)  , (-16, 70) 

        Convex sub polygons:

             (-10, 45)  , (-2, 31)  , (5, 33)  , (7, 42)  , (-3, 50) 
             (-16, 2)  , (-1, 7)  , (-10, 45)  , (-20, 62)  , (-35, 33)  , (-36, 16) 
             (-37, 61)  , (-16, 70)  , (-39, 70) 
             (-43, 47)  , (-35, 33)  , (-37, 61)  , (-43, 62) 
             (-35, 33)  , (-16, 70)  , (-37, 61) 
             (33, -34)  , (-1, 7)  , (-16, 2)  , (35, -70)  , (39, -62)  , (40, -47) 
             (35, -70)  , (-16, 2)  , (-34, -14) 
             (-1, 7)  , (33, -34)  , (27, 0)  , (19, 7) 
             (-10, 45)  , (-1, 7)  , (-2, 31) 




    Name:               2
    Custom values (from the <bodies> section):
        Identifier:     0
        FixedRotation:  NO

        AnchorPointRel: { 0.505,0.500 }
        AnchorPointAbs: { 53.025,70.000 }
        Size:           { 105.000,140.000 }
    
    List of all fixtures:

        ----------------------------------------------------------
        fixtureType:             POLYGON

        Custom values (from the <fixtures> section):
            density:             2
            friction:            0
            restitution:         0
            isSensor:            NO
            filter_groupIndex:   0
            filter_categoryBits: 1
            filter_maskBits:     65535


        Hull polygon:
             (6.975000000000001, 30)  , (13.975000000000001, 32)  , (16.975, 40)  , (11.975000000000001, 47)  , (3.9750000000000014, 49)  , (-0.02499999999999858, 58)  , (-7.024999999999999, 62)  , (-14.024999999999999, 70)  , (-25.025, 57)  , (-29.025, 70)  , (-43.025, 70)  , (-50.025, 54)  , (-34.025, 47)  , (-25.025, 37)  , (-30.025, 34)  , (-26.025, 11)  , (-6.024999999999999, 0)  , (-26.025, -18)  , (41.975, -69)  , (45.975, -61)  , (46.975, -45)  , (39.975, -33)  , (33.975, -2)  , (27.975, 5)  , (6.975000000000001, 5) 

        Convex sub polygons:

             (-34.025, 47)  , (-25.025, 57)  , (-29.025, 70)  , (-43.025, 70)  , (-50.025, 54) 
             (-25.025, 57)  , (-25.025, 37)  , (-6.024999999999999, 0)  , (6.975000000000001, 5)  , (6.975000000000001, 30)  , (3.9750000000000014, 49)  , (-14.024999999999999, 70) 
             (-25.025, 37)  , (-25.025, 57)  , (-34.025, 47) 
             (11.975000000000001, 47)  , (3.9750000000000014, 49)  , (6.975000000000001, 30)  , (13.975000000000001, 32)  , (16.975, 40) 
             (-6.024999999999999, 0)  , (-25.025, 37)  , (-30.025, 34)  , (-26.025, 11) 
             (41.975, -69)  , (45.975, -61)  , (6.975000000000001, 5)  , (-6.024999999999999, 0)  , (-26.025, -18) 
             (-7.024999999999999, 62)  , (3.9750000000000014, 49)  , (-0.02499999999999858, 58) 
             (39.975, -33)  , (6.975000000000001, 5)  , (45.975, -61)  , (46.975, -45) 
             (6.975000000000001, 5)  , (39.975, -33)  , (33.975, -2)  , (27.975, 5) 




    Name:               3
    Custom values (from the <bodies> section):
        Identifier:     0
        FixedRotation:  NO

        AnchorPointRel: { 0.505,0.500 }
        AnchorPointAbs: { 53.025,70.000 }
        Size:           { 105.000,140.000 }
    
    List of all fixtures:

        ----------------------------------------------------------
        fixtureType:             POLYGON

        Custom values (from the <fixtures> section):
            density:             2
            friction:            0
            restitution:         0
            isSensor:            NO
            filter_groupIndex:   0
            filter_categoryBits: 1
            filter_maskBits:     65535


        Hull polygon:
             (44.975, -70)  , (49.975, -61)  , (49.975, -46)  , (42.975, -35)  , (36.975, 0)  , (27.975, 5)  , (35.64166666666666, 11.333333333333343)  , (35.975, 19)  , (22.975, 26)  , (9.975000000000001, 27)  , (6.975000000000001, 38)  , (14.975000000000001, 42)  , (18.975, 55)  , (28.975, 61)  , (10.975000000000001, 70)  , (5.975000000000001, 70)  , (4.975000000000001, 51)  , (-3.0249999999999986, 44)  , (-16.025, 40)  , (-23.025, 48)  , (-33.025, 49)  , (-42.025, 44)  , (-53.025, 45)  , (-53.025, 39)  , (-40.025, 24)  , (-28.025, 36)  , (-22.025, 33)  , (-21.025, 22)  , (-29.025, 21)  , (-37.025, 11)  , (-22.025, 0)  , (-6.024999999999999, -4)  , (-21.025, -15) 

        Convex sub polygons:

             (-28.025, 36)  , (-42.025, 44)  , (-53.025, 45)  , (-53.025, 39)  , (-40.025, 24) 
             (10.975000000000001, 70)  , (18.975, 55)  , (28.975, 61) 
             (-22.025, 0)  , (-6.024999999999999, -4)  , (-21.025, 22)  , (-29.025, 21)  , (-37.025, 11) 
             (-28.025, 36)  , (-22.025, 33)  , (-16.025, 40)  , (-23.025, 48)  , (-33.025, 49)  , (-42.025, 44) 
             (22.975, 26)  , (9.975000000000001, 27)  , (27.975, 5)  , (35.64166412353516, 11.333332061767578)  , (35.975, 19) 
             (-21.025, 22)  , (-6.024999999999999, -4)  , (44.975, -70)  , (9.975000000000001, 27)  , (-3.0249999999999986, 44)  , (-16.025, 40)  , (-22.025, 33) 
             (10.975000000000001, 70)  , (5.975000000000001, 70)  , (4.975000000000001, 51)  , (6.975000000000001, 38)  , (14.975000000000001, 42)  , (18.975, 55) 
             (42.975, -35)  , (44.975, -70)  , (49.975, -61)  , (49.975, -46) 
             (44.975, -70)  , (-6.024999999999999, -4)  , (-21.025, -15) 
             (27.975, 5)  , (44.975, -70)  , (42.975, -35)  , (36.975, 0) 
             (-3.0249999999999986, 44)  , (6.975000000000001, 38)  , (4.975000000000001, 51) 
             (-3.0249999999999986, 44)  , (9.975000000000001, 27)  , (6.975000000000001, 38) 
             (9.975000000000001, 27)  , (44.975, -70)  , (27.975, 5) 




    Name:               4
    Custom values (from the <bodies> section):
        Identifier:     0
        FixedRotation:  NO

        AnchorPointRel: { 0.505,0.500 }
        AnchorPointAbs: { 53.025,70.000 }
        Size:           { 105.000,140.000 }
    
    List of all fixtures:

        ----------------------------------------------------------
        fixtureType:             POLYGON

        Custom values (from the <fixtures> section):
            density:             2
            friction:            0
            restitution:         0
            isSensor:            NO
            filter_groupIndex:   0
            filter_categoryBits: 1
            filter_maskBits:     65535


        Hull polygon:
             (-22.025, 69)  , (-11.024999999999999, 49)  , (-16.025, 42)  , (-18.025, 55)  , (-49.025, 60)  , (-48.025, 45)  , (-43.025, 36)  , (-27.025, 42)  , (-33.025, 29)  , (-28.025, 13)  , (-10.024999999999999, -2)  , (-26.025, -14)  , (39.975, -69)  , (44.975, -61)  , (44.975, -45)  , (37.975, -34)  , (33.975, -2)  , (24.975, 6)  , (4.975000000000001, 6)  , (4.975000000000001, 28)  , (15.975000000000001, 27)  , (20.975, 36)  , (11.975000000000001, 46)  , (-0.02499999999999858, 39)  , (1.9750000000000014, 55)  , (-2.0249999999999986, 62)  , (1.9750000000000014, 69) 

        Convex sub polygons:

             (-11.024999999999999, 49)  , (-2.0249999999999986, 62)  , (1.9750000000000014, 69)  , (-22.025, 69) 
             (-0.02499999999999858, 39)  , (4.975000000000001, 28)  , (15.975000000000001, 27)  , (20.975, 36)  , (11.975000000000001, 46) 
             (-27.025, 42)  , (-18.025, 55)  , (-49.025, 60)  , (-48.025, 45)  , (-43.025, 36) 
             (-27.025, 42)  , (-33.025, 29)  , (-28.025, 13)  , (-10.024999999999999, -2)  , (-18.025, 55) 
             (4.975000000000001, 6)  , (-10.024999999999999, -2)  , (39.975, -69)  , (37.975, -34)  , (33.975, -2)  , (24.975, 6) 
             (37.975, -34)  , (39.975, -69)  , (44.975, -61)  , (44.975, -45) 
             (39.975, -69)  , (-10.024999999999999, -2)  , (-26.025, -14) 
             (-2.0249999999999986, 62)  , (-11.024999999999999, 49)  , (-0.02499999999999858, 39)  , (1.9750000000000014, 55) 
             (4.975000000000001, 28)  , (-0.02499999999999858, 39)  , (-11.024999999999999, 49)  , (-16.025, 42)  , (-10.024999999999999, -2)  , (4.975000000000001, 6) 




    Name:               5
    Custom values (from the <bodies> section):
        Identifier:     0
        FixedRotation:  NO

        AnchorPointRel: { 0.505,0.500 }
        AnchorPointAbs: { 53.025,70.000 }
        Size:           { 105.000,140.000 }
    
    List of all fixtures:

        ----------------------------------------------------------
        fixtureType:             POLYGON

        Custom values (from the <fixtures> section):
            density:             2
            friction:            0
            restitution:         0
            isSensor:            NO
            filter_groupIndex:   0
            filter_categoryBits: 1
            filter_maskBits:     65535


        Hull polygon:
             (-0.02499999999999858, 4)  , (-0.02499999999999858, 24)  , (12.975000000000001, 23)  , (17.975, 28)  , (16.975, 35)  , (10.975000000000001, 41)  , (-2.0249999999999986, 35)  , (-10.024999999999999, 51)  , (-21.025, 59)  , (-21.025, 70)  , (-35.025, 70)  , (-42.025, 57)  , (-44.025, 47)  , (-30.025, 45)  , (-33.025, 15)  , (-12.024999999999999, -1)  , (-29.025, -14)  , (35.975, -70)  , (39.975, -61)  , (39.975, -45)  , (33.975, -35)  , (27.975, -3)  , (20.975, 4) 

        Convex sub polygons:

             (-35.025, 70)  , (-42.025, 57)  , (-44.025, 47)  , (-30.025, 45)  , (-21.025, 59)  , (-21.025, 70) 
             (-30.025, 45)  , (-33.025, 15)  , (-12.024999999999999, -1)  , (-0.02499999999999858, 4)  , (-0.02499999999999858, 24)  , (-2.0249999999999986, 35)  , (-10.024999999999999, 51)  , (-21.025, 59) 
             (16.975, 35)  , (10.975000000000001, 41)  , (-2.0249999999999986, 35)  , (-0.02499999999999858, 24)  , (12.975000000000001, 23)  , (17.975, 28) 
             (35.975, -70)  , (39.975, -61)  , (39.975, -45)  , (33.975, -35)  , (-0.02499999999999858, 4)  , (-12.024999999999999, -1)  , (-29.025, -14) 
             (-0.02499999999999858, 4)  , (33.975, -35)  , (27.975, -3)  , (20.975, 4) 




    Name:               6
    Custom values (from the <bodies> section):
        Identifier:     0
        FixedRotation:  NO

        AnchorPointRel: { 0.505,0.500 }
        AnchorPointAbs: { 53.025,70.000 }
        Size:           { 105.000,140.000 }
    
    List of all fixtures:

        ----------------------------------------------------------
        fixtureType:             POLYGON

        Custom values (from the <fixtures> section):
            density:             2
            friction:            0
            restitution:         0
            isSensor:            NO
            filter_groupIndex:   0
            filter_categoryBits: 1
            filter_maskBits:     65535


        Hull polygon:
             (39.975, -70)  , (43.975, -62)  , (44.975, -46)  , (36.975, -34)  , (32.975, -3)  , (20.975, 6)  , (33.975, 13)  , (34.975, 20)  , (26.975, 26)  , (5.975000000000001, 25)  , (-0.02499999999999858, 42)  , (3.9750000000000014, 55)  , (12.975000000000001, 61)  , (-4.774999999999999, 69.75)  , (-9.024999999999999, 70)  , (-10.024999999999999, 48)  , (-27.025, 54)  , (-36.025, 48)  , (-48.025, 48)  , (-33.025, 29)  , (-28.025, 35)  , (-20.025, 7)  , (-27.025, 9)  , (-29.025, 18)  , (-40.025, 21)  , (-46.025, 9)  , (-29.025, -3)  , (-13.024999999999999, -3)  , (-26.025, -14) 

        Convex sub polygons:

             (-46.025, 9)  , (-29.025, -3)  , (-27.025, 9)  , (-29.025, 18)  , (-40.025, 21) 
             (-4.774999999999999, 69.75)  , (3.9750000000000014, 55)  , (12.975000000000001, 61) 
             (-33.025, 29)  , (-28.025, 35)  , (-36.025, 48)  , (-48.025, 48) 
             (26.975, 26)  , (5.975000000000001, 25)  , (-20.025, 7)  , (20.975, 6)  , (33.975, 13)  , (34.975, 20) 
             (-28.025, 35)  , (-10.024999999999999, 48)  , (-27.025, 54)  , (-36.025, 48) 
             (-20.025, 7)  , (5.975000000000001, 25)  , (-0.02499999999999858, 42)  , (-10.024999999999999, 48)  , (-28.025, 35) 
             (-4.774999999999999, 69.75)  , (-9.024999999999999, 70)  , (-10.024999999999999, 48)  , (-0.02499999999999858, 42)  , (3.9750000000000014, 55) 
             (36.975, -34)  , (-20.025, 7)  , (-13.024999999999999, -3)  , (39.975, -70)  , (43.975, -62)  , (44.975, -46) 
             (20.975, 6)  , (-20.025, 7)  , (36.975, -34)  , (32.975, -3) 
             (39.975, -70)  , (-13.024999999999999, -3)  , (-26.025, -14) 
             (-13.024999999999999, -3)  , (-20.025, 7)  , (-27.025, 9)  , (-29.025, -3) 




    Name:               stationary
    Custom values (from the <bodies> section):
        Identifier:     0
        FixedRotation:  NO

        AnchorPointRel: { 0.505,0.500 }
        AnchorPointAbs: { 53.000,70.000 }
        Size:           { 105.000,140.000 }
    
    List of all fixtures:

        ----------------------------------------------------------
        fixtureType:             POLYGON

        Custom values (from the <fixtures> section):
            density:             2
            friction:            0
            restitution:         0
            isSensor:            NO
            filter_groupIndex:   0
            filter_categoryBits: 1
            filter_maskBits:     65535


        Hull polygon:
             (-34, 70)  , (-26, 44)  , (-32, 16)  , (-14, 1)  , (-31, -12)  , (28, -70)  , (34, -60)  , (36, -46)  , (30, -36)  , (28, -3)  , (19, 4)  , (-1, 5)  , (1, 26)  , (10, 28)  , (12, 36)  , (4, 43)  , (14, 70)  , (-8, 70)  , (-6, 47)  , (-12, 41)  , (-16, 61)  , (-13, 70) 

        Convex sub polygons:

             (-6, 47)  , (4, 43)  , (14, 70)  , (-8, 70) 
             (-26, 44)  , (-16, 61)  , (-13, 70)  , (-34, 70) 
             (12, 36)  , (4, 43)  , (-6, 47)  , (-12, 41)  , (1, 26)  , (10, 28) 
             (-14, 1)  , (-12, 41)  , (-16, 61)  , (-26, 44)  , (-32, 16) 
             (-12, 41)  , (-14, 1)  , (-1, 5)  , (1, 26) 
             (30, -36)  , (-14, 1)  , (-31, -12)  , (28, -70)  , (34, -60)  , (36, -46) 
             (28, -3)  , (19, 4)  , (-1, 5)  , (-14, 1)  , (30, -36) 



